<?xml version="1.0" encoding="UTF-8" standalone="no" ?>
<COLLADA xmlns="http://www.collada.org/2005/11/COLLADASchema" version="1.4.1">
    <asset>
        <contributor>
            <authoring_tool>SketchUp 8.0.16846</authoring_tool>
        </contributor>
        <created>2013-03-07T10:08:47Z</created>
        <modified>2013-03-07T10:08:47Z</modified>
        <unit meter="0.02539999969303608" name="inch" />
        <up_axis>Z_UP</up_axis>
    </asset>
    <library_visual_scenes>
        <visual_scene id="ID1">
            <node name="SketchUp">
                <node id="ID2" name="group_0">
                    <matrix>0.07547904 0 0 0 0 0.07547904 0 0 0 0 0.07547904 1.387778780781446e-017 0 0 0 1</matrix>
                    <instance_geometry url="#ID388">
                        <bind_material>
                            <technique_common>
                                <instance_material symbol="Material2" target="#ID157">
                                    <bind_vertex_input semantic="UVSET0" input_semantic="TEXCOORD" input_set="0" />
                                </instance_material>
                            </technique_common>
                        </bind_material>
                    </instance_geometry>
                    <node id="ID3" name="group_1">
                        <matrix>0.04238688617855994 0 0 0 0 0.04238688617855994 0 0 0 0 0.04238688617855994 0.005617283495192638 0 0 0 1</matrix>
                        <node id="ID4" name="group_2">
                            <matrix>1 0 0 0 0 1 0 0 0 0 1 0 0 0 0 1</matrix>
                            <node id="ID5" name="group_3">
                                <matrix>-0.3332963850722899 -0.04969723148834773 0.9415113939194457 80.77398487211463 0.3064206144243359 -0.9501078417499056 0.05832234649899495 264.9679613010798 0.8916388993048454 0.3079371270693581 0.3318957652919268 0 0 0 0 1</matrix>
                                <instance_geometry url="#ID6">
                                    <bind_material>
                                        <technique_common>
                                            <instance_material symbol="Material2" target="#ID7">
                                                <bind_vertex_input semantic="UVSET0" input_semantic="TEXCOORD" input_set="0" />
                                            </instance_material>
                                        </technique_common>
                                    </bind_material>
                                </instance_geometry>
                            </node>
                            <node id="ID14" name="group_4">
                                <matrix>-0.4727125101480562 -0.7731845485245299 -0.4227629793068957 255.9462899808085 0.5188790815589658 0.1435437900884416 -0.8427097240732242 0 0.7122551379035802 -0.6177222954127236 0.3333343430851188 224.336529021203 0 0 0 1</matrix>
                                <instance_geometry url="#ID15">
                                    <bind_material>
                                        <technique_common>
                                            <instance_material symbol="Material2" target="#ID7">
                                                <bind_vertex_input semantic="UVSET0" input_semantic="TEXCOORD" input_set="0" />
                                            </instance_material>
                                        </technique_common>
                                    </bind_material>
                                </instance_geometry>
                            </node>
                            <node id="ID21" name="group_5">
                                <matrix>-0.7566028057925482 0.6409323123670876 -0.1294525597685178 255.9462899808079 0.4213614167361659 0.6292996478138059 0.6530210637854733 4.774847184307873e-012 0.5000067507073626 0.4395312551175379 -0.7461940263911708 224.336529021204 0 0 0 1</matrix>
                                <instance_geometry url="#ID22">
                                    <bind_material>
                                        <technique_common>
                                            <instance_material symbol="Material2" target="#ID7">
                                                <bind_vertex_input semantic="UVSET0" input_semantic="TEXCOORD" input_set="0" />
                                            </instance_material>
                                        </technique_common>
                                    </bind_material>
                                </instance_geometry>
                            </node>
                            <node id="ID28" name="group_6">
                                <matrix>-0.2382272046155817 0.8204412866551225 0.5197344457823949 37.77387181805443 0.2431393680288801 0.5684816927393338 -0.785946443935424 253.6358256299713 -0.9402824292177126 -0.06086591962592136 -0.3349093804785532 373.4471581802982 0 0 0 1</matrix>
                                <instance_geometry url="#ID29">
                                    <bind_material>
                                        <technique_common>
                                            <instance_material symbol="Material2" target="#ID7">
                                                <bind_vertex_input semantic="UVSET0" input_semantic="TEXCOORD" input_set="0" />
                                            </instance_material>
                                        </technique_common>
                                    </bind_material>
                                </instance_geometry>
                            </node>
                            <node id="ID35" name="group_7">
                                <matrix>1 0 0 43.54444311507064 0 1 0 0.3405490420919932 0 0 1 0.1033979350656988 0 0 0 1</matrix>
                                <node id="ID36" name="group_8">
                                    <matrix>0.9900038841650796 0.04979274093711395 0.1319582975338245 37.03093712607063 0.04979274093711414 0.7519719568105359 -0.6573118431311756 263.8484116781559 -0.1319582975338244 0.6573118431311755 0.7419758409756154 1.695921181266158e-012 0 0 0 1</matrix>
                                    <instance_geometry url="#ID37">
                                        <bind_material>
                                            <technique_common>
                                                <instance_material symbol="Material2" target="#ID7">
                                                    <bind_vertex_input semantic="UVSET0" input_semantic="TEXCOORD" input_set="0" />
                                                </instance_material>
                                            </technique_common>
                                        </bind_material>
                                    </instance_geometry>
                                </node>
                                <node id="ID43" name="group_9">
                                    <matrix>-0.6844892095569632 -0.5087172575548521 -0.522188925453187 380.6882297787633 -0.1535260270084714 -0.5996354511344392 0.7854088647155644 148.1388330671355 -0.7126740356089015 0.6177734840608391 0.3323426565463036 138.5131445814726 0 0 0 1</matrix>
                                    <instance_geometry url="#ID44">
                                        <bind_material>
                                            <technique_common>
                                                <instance_material symbol="Material2" target="#ID7">
                                                    <bind_vertex_input semantic="UVSET0" input_semantic="TEXCOORD" input_set="0" />
                                                </instance_material>
                                            </technique_common>
                                        </bind_material>
                                    </instance_geometry>
                                </node>
                                <node id="ID50" name="group_10">
                                    <matrix>0.8565740792989209 -0.1262313129023659 0.5003463823354288 3.410605131648481e-012 -0.1262313129023662 0.8889019203839411 0.4403623866552259 71.39987665847553 -0.5003463823354288 -0.4403623866552259 0.7454759996828619 138.536172403975 0 0 0 1</matrix>
                                    <instance_geometry url="#ID51">
                                        <bind_material>
                                            <technique_common>
                                                <instance_material symbol="Material2" target="#ID7">
                                                    <bind_vertex_input semantic="UVSET0" input_semantic="TEXCOORD" input_set="0" />
                                                </instance_material>
                                            </technique_common>
                                        </bind_material>
                                    </instance_geometry>
                                </node>
                                <node id="ID57" name="group_11">
                                    <matrix>1 0 0 37.03093712607324 0 1 0 83.68744860375227 0 0 1 1.904920665651844e-012 0 0 0 1</matrix>
                                    <instance_geometry url="#ID58">
                                        <bind_material>
                                            <technique_common>
                                                <instance_material symbol="Material2" target="#ID7">
                                                    <bind_vertex_input semantic="UVSET0" input_semantic="TEXCOORD" input_set="0" />
                                                </instance_material>
                                            </technique_common>
                                        </bind_material>
                                    </instance_geometry>
                                </node>
                                <node id="ID64" name="group_12">
                                    <matrix>0.770455045361231 0.07746682078097561 -0.632770033073242 195.5933140762913 0.07746682078097676 0.9738565008699245 0.2135472017879767 83.68744860375307 0.6327700330732419 -0.2135472017879771 0.7443115462311555 0 0 0 0 1</matrix>
                                    <instance_geometry url="#ID65">
                                        <bind_material>
                                            <technique_common>
                                                <instance_material symbol="Material2" target="#ID7">
                                                    <bind_vertex_input semantic="UVSET0" input_semantic="TEXCOORD" input_set="0" />
                                                </instance_material>
                                            </technique_common>
                                        </bind_material>
                                    </instance_geometry>
                                </node>
                                <node id="ID71" name="group_13">
                                    <matrix>0.4364056520806828 -0.7981440453128896 -0.4153506828736535 272.3361489748148 0.1364428212225534 0.514995703967694 -0.8462640140237855 311.0870185336222 0.8893444008756475 0.3126427799044708 0.333648061293244 2.774042048581116e-005 0 0 0 1</matrix>
                                    <instance_geometry url="#ID72">
                                        <bind_material>
                                            <technique_common>
                                                <instance_material symbol="Material2" target="#ID7">
                                                    <bind_vertex_input semantic="UVSET0" input_semantic="TEXCOORD" input_set="0" />
                                                </instance_material>
                                            </technique_common>
                                        </bind_material>
                                    </instance_geometry>
                                </node>
                                <node id="ID78" name="group_14">
                                    <matrix>0.3374925419611869 -0.3054371830875912 -0.8903970526164684 327.3640060386089 0.04905041209344005 0.9503155481450313 -0.307399440512296 139.8772541552337 0.9400493823167165 0.06007067621831921 0.3357062297078112 -10.82236313960005 0 0 0 1</matrix>
                                    <instance_geometry url="#ID79">
                                        <bind_material>
                                            <technique_common>
                                                <instance_material symbol="Material2" target="#ID7">
                                                    <bind_vertex_input semantic="UVSET0" input_semantic="TEXCOORD" input_set="0" />
                                                </instance_material>
                                            </technique_common>
                                        </bind_material>
                                    </instance_geometry>
                                </node>
                                <node id="ID85" name="group_15">
                                    <matrix>-0.3270549882287491 -0.08116571302771589 -0.9415132297017368 380.8776256949473 -0.08310409241169622 0.9949150442742705 -0.05690135763894266 147.6548040871587 0.9413441158785246 0.05963372959516348 -0.3321371310098434 138.2341013711223 0 0 0 1</matrix>
                                    <instance_geometry url="#ID86">
                                        <bind_material>
                                            <technique_common>
                                                <instance_material symbol="Material2" target="#ID7">
                                                    <bind_vertex_input semantic="UVSET0" input_semantic="TEXCOORD" input_set="0" />
                                                </instance_material>
                                            </technique_common>
                                        </bind_material>
                                    </instance_geometry>
                                </node>
                                <node id="ID92" name="group_16">
                                    <matrix>0.4504454147241639 -0.5386010067101286 -0.7120448608934777 300.3282342988933 0.03960295150045004 -0.7846989069177618 0.6186107271253247 175.4040755858475 -0.8919251844109063 -0.3068494436248926 -0.3321338350133344 362.6038263275372 0 0 0 1</matrix>
                                    <instance_geometry url="#ID93">
                                        <bind_material>
                                            <technique_common>
                                                <instance_material symbol="Material2" target="#ID7">
                                                    <bind_vertex_input semantic="UVSET0" input_semantic="TEXCOORD" input_set="0" />
                                                </instance_material>
                                            </technique_common>
                                        </bind_material>
                                    </instance_geometry>
                                </node>
                                <node id="ID99" name="group_17">
                                    <matrix>0.690429522945991 0.7013694261459843 -0.1771665936688518 0 0.1236294520046781 -0.3557067399021964 -0.9263846251882499 71.39987665847207 -0.7127572044122699 0.6177002859444084 -0.3323003525466108 138.5361724039761 0 0 0 1</matrix>
                                    <instance_geometry url="#ID100">
                                        <bind_material>
                                            <technique_common>
                                                <instance_material symbol="Material2" target="#ID7">
                                                    <bind_vertex_input semantic="UVSET0" input_semantic="TEXCOORD" input_set="0" />
                                                </instance_material>
                                            </technique_common>
                                        </bind_material>
                                    </instance_geometry>
                                </node>
                                <node id="ID106" name="group_18">
                                    <matrix>0.7731500441497815 0.077991545891228 -0.6294095073961686 195.2672227094134 0.07586193025655413 0.9739127690803547 0.2138665138818735 83.79785887275028 0.6296697362657197 -0.2130991248028306 0.7470641111975108 0.1360606484839431 0 0 0 1</matrix>
                                    <instance_geometry url="#ID107">
                                        <bind_material>
                                            <technique_common>
                                                <instance_material symbol="Material2" target="#ID7">
                                                    <bind_vertex_input semantic="UVSET0" input_semantic="TEXCOORD" input_set="0" />
                                                </instance_material>
                                            </technique_common>
                                        </bind_material>
                                    </instance_geometry>
                                </node>
                            </node>
                            <node id="ID113" name="group_19">
                                <matrix>0.4500739509058285 0.03897371364995265 0.8921403972247582 0.444683945588281 -0.537378906746374 -0.7860847733933354 0.3054417123171304 292.4572734750867 0.7132021798200633 -0.6168887895589289 -0.3328526280749934 224.0743115517717 0 0 0 1</matrix>
                                <instance_geometry url="#ID114">
                                    <bind_material>
                                        <technique_common>
                                            <instance_material symbol="Material2" target="#ID7">
                                                <bind_vertex_input semantic="UVSET0" input_semantic="TEXCOORD" input_set="0" />
                                            </instance_material>
                                        </technique_common>
                                    </bind_material>
                                </instance_geometry>
                            </node>
                            <node id="ID120" name="group_20">
                                <matrix>-0.5676718789536603 0.530492067106029 0.6295449186378945 108.5164379024366 0.5297521498076983 0.8207339185691611 -0.2139123528088825 128.7648752231867 -0.6301676742100811 0.2120707467985204 -0.7469368786805046 362.6175283901418 0 0 0 1</matrix>
                                <instance_geometry url="#ID121">
                                    <bind_material>
                                        <technique_common>
                                            <instance_material symbol="Material2" target="#ID7">
                                                <bind_vertex_input semantic="UVSET0" input_semantic="TEXCOORD" input_set="0" />
                                            </instance_material>
                                        </technique_common>
                                    </bind_material>
                                </instance_geometry>
                            </node>
                            <node id="ID127" name="group_21">
                                <matrix>-0.7555192464661876 0.4177257747577718 -0.5046739990550171 343.6301909060151 0.6418201596301577 0.6264264044131652 -0.4423311458017765 175.4388904031391 0.1313679980493074 -0.6580996405993647 -0.7413820284654225 362.6576382296501 0 0 0 1</matrix>
                                <instance_geometry url="#ID128">
                                    <bind_material>
                                        <technique_common>
                                            <instance_material symbol="Material2" target="#ID7">
                                                <bind_vertex_input semantic="UVSET0" input_semantic="TEXCOORD" input_set="0" />
                                            </instance_material>
                                        </technique_common>
                                    </bind_material>
                                </instance_geometry>
                            </node>
                            <node id="ID134" name="group_22">
                                <matrix>-0.7937631990026177 0.6082268906417387 -0.0001827824202280219 234.0514485202475 0.608226673694232 0.7937625747823279 -0.001135025012810736 32.43386047793814 -0.0005452668898373338 -0.001012114228581708 -0.9999993391541853 362.8399817038124 0 0 0 1</matrix>
                                <instance_geometry url="#ID135">
                                    <bind_material>
                                        <technique_common>
                                            <instance_material symbol="Material2" target="#ID7">
                                                <bind_vertex_input semantic="UVSET0" input_semantic="TEXCOORD" input_set="0" />
                                            </instance_material>
                                        </technique_common>
                                    </bind_material>
                                </instance_geometry>
                            </node>
                            <node id="ID141" name="group_23">
                                <matrix>-0.2635771100778144 0.9467144607865957 -0.1850914281661181 185.5853641678444 0.3727273350905777 -0.07702303920154861 -0.9247387658730617 356.0540348840564 -0.889719866429487 -0.3127286062542125 -0.3325648479785466 362.4814954820856 0 0 0 1</matrix>
                                <instance_geometry url="#ID142">
                                    <bind_material>
                                        <technique_common>
                                            <instance_material symbol="Material2" target="#ID7">
                                                <bind_vertex_input semantic="UVSET0" input_semantic="TEXCOORD" input_set="0" />
                                            </instance_material>
                                        </technique_common>
                                    </bind_material>
                                </instance_geometry>
                            </node>
                            <node id="ID148" name="group_24">
                                <matrix>0.2088860088232779 0.6695495398564128 0.7127903261099631 1.477928890381008e-012 -0.2659569350903189 0.7402914898052529 -0.6174426441373184 292.1885817548063 -0.9410810507045848 -0.0605964008830988 0.3327078781826025 224.3537411990131 0 0 0 1</matrix>
                                <instance_geometry url="#ID149">
                                    <bind_material>
                                        <technique_common>
                                            <instance_material symbol="Material2" target="#ID7">
                                                <bind_vertex_input semantic="UVSET0" input_semantic="TEXCOORD" input_set="0" />
                                            </instance_material>
                                        </technique_common>
                                    </bind_material>
                                </instance_geometry>
                            </node>
                        </node>
                    </node>
                    <node id="ID155" name="group_25">
                        <matrix>1 0 0 5.830961021443955 0 1 0 2.177682010933268 0 0 1 9.854215922618442 0 0 0 1</matrix>
                        <instance_geometry url="#ID156">
                            <bind_material>
                                <technique_common>
                                    <instance_material symbol="Material2" target="#ID157">
                                        <bind_vertex_input semantic="UVSET0" input_semantic="TEXCOORD" input_set="0" />
                                    </instance_material>
                                </technique_common>
                            </bind_material>
                        </instance_geometry>
                    </node>
                    <node id="ID164" name="instance_0">
                        <matrix>-0.6367747127744006 -0.7710498892819236 0.000182782420228022 10.81077211671004 0.7710495376040935 -0.6367741532747181 0.001135025012810737 8.950555223181709 -0.0007587697895857302 0.0008636895271232907 0.9999993391541853 15.37651289057306 0 0 0 1</matrix>
                        <instance_node url="#ID165" />
                    </node>
                    <node id="ID178" name="instance_1">
                        <matrix>-0.9873289075689982 0.091780515622799 0.1294525597685181 10.46298476427876 -0.15453994181352 -0.7414046780515778 -0.6530210637854725 5.353721434400768 0.03604212345135144 -0.6647521645810938 0.7461940263911714 14.2667040227408 0 0 0 1</matrix>
                        <instance_node url="#ID179" />
                    </node>
                    <node id="ID186" name="instance_2">
                        <matrix>-0.7722141301036956 0.08578189019483667 -0.629544918637895 5.476113076959678 -0.2784051943336234 -0.9363397102995394 0.2139123528088832 12.15153917252792 -0.5711181007779829 0.3404547168578749 0.7469368786805041 14.19758596144659 0 0 0 1</matrix>
                        <instance_node url="#ID187" />
                    </node>
                    <node id="ID200" name="instance_3">
                        <matrix>0.185240066332506 0.4120335295395043 -0.8921403972247571 1.861983374827673 -0.9193390737871023 -0.2480343278359961 -0.3054417123171269 7.536217264897573 -0.3471336705555968 0.8767595695230045 0.3328526280750002 9.983662002540287 0 0 0 1</matrix>
                        <instance_node url="#ID201" />
                    </node>
                    <node id="ID208" name="instance_4">
                        <matrix>-0.9129259133418407 0.3676659827027002 -0.1771665936688511 8.579621844672715 0.280823448103372 0.2508978222507183 -0.9263846251882528 1.607346800523374 -0.296149401053419 -0.8954730637786403 -0.3323003525466027 6.288239662547651 0 0 0 1</matrix>
                        <instance_node url="#ID209" />
                    </node>
                    <node id="ID222" name="instance_5">
                        <matrix>-0.8149721419845416 -0.2923592062394761 -0.5003463823354294 6.703558493888409 -0.05119821643865577 0.8963591417801315 -0.4403623866552259 5.087450733440846 0.5772340516832222 -0.3332662351247266 -0.7454759996828615 1.412691005007078 0 0 0 1</matrix>
                        <instance_node url="#ID223" />
                    </node>
                    <node id="ID236" name="instance_6">
                        <matrix>-0.4067366430757995 -0.9135454576426012 0 10.34331998958965 -0.9135454576426012 0.4067366430757995 0 9.854399769304337 -0 0 -1 0.009999999999999787 0 0 0 1</matrix>
                        <instance_node url="#ID237" />
                    </node>
                    <node id="ID244" name="instance_7">
                        <matrix>-0.1936317411784612 0.2757952935205001 -0.9415113939194462 1.760856328315981 0.8997108633174205 0.4325723827609365 -0.05832234649898684 8.206916856897919 0.3911867983928131 -0.8583810865486653 -0.3318957652919264 5.254319217705643 0 0 0 1</matrix>
                        <instance_node url="#ID245" />
                    </node>
                    <node id="ID252" name="instance_8">
                        <matrix>0.7013771685958377 0.0001355600955893765 -0.7127903261099623 2.546855893627026 0.6275816375622068 -0.4742424162761653 0.6174426441373186 13.53851540848518 -0.3379517059688041 -0.8803942936139495 -0.3327078781826034 6.199684993905249 0 0 0 1</matrix>
                        <instance_node url="#ID253" />
                    </node>
                    <node id="ID266" name="instance_9">
                        <matrix>0.6718757860359361 -0.7288140612327453 -0.1319582975338246 7.590711161468107 -0.491035834040928 -0.5716860594480394 0.6573118431311755 15.48735080859706 -0.5544968330173973 -0.3768356585863461 -0.7419758409756153 3.067200959808487 0 0 0 1</matrix>
                        <instance_node url="#ID267" />
                    </node>
                    <node id="ID280" name="instance_10">
                        <matrix>-0.7131282289784804 -0.4677251919322515 0.5221889254531876 13.82067377732301 -0.6158532550150215 0.06211025288643379 -0.7854088647155609 3.792670863063449 0.3349222257799849 -0.8816889821917489 -0.3323426565463107 5.253138020092207 0 0 0 1</matrix>
                        <instance_node url="#ID281" />
                    </node>
                    <node id="ID288" name="instance_11">
                        <matrix>0.4368566764102674 -0.6426506953820933 0.6294095073961681 13.98436481429474 -0.6976907768193909 -0.6837314488753384 -0.2138665138818734 8.92191490986113 0.5677885382930251 -0.3457041937028571 -0.7470641111975113 1.736278736473201 0 0 0 1</matrix>
                        <instance_node url="#ID289" />
                    </node>
                    <node id="ID296" name="instance_12">
                        <matrix>0.195976518136406 -0.4108360902246022 0.8903970526164682 15.84323195763886 -0.924550571939901 0.2251928593413418 0.3073994405122964 13.02829954162212 -0.3268018425051076 -0.8834601762788369 -0.335706229707811 6.361239179355874 0 0 0 1</matrix>
                        <instance_node url="#ID297" />
                    </node>
                    <node id="ID310" name="instance_13">
                        <matrix>0.8863467863815047 0.2046293832947 0.4153506828736534 11.53735574601546 -0.2939917952618825 -0.4443039982793826 0.8462640140237856 16.22186377945923 0.3577124523830206 -0.8721930821815691 -0.3336480612932437 5.368208626004662 0 0 0 1</matrix>
                        <instance_node url="#ID311" />
                    </node>
                    <node id="ID318" name="instance_14">
                        <matrix>0.8388763125423313 -0.5118864087615609 0.1850914281661183 9.915323742592705 0.02759780218856523 0.3796005482160526 0.9247387658730617 15.99481908414316 -0.5436220135073101 -0.7706333293592125 0.3325648479785462 11.71938525814913 0 0 0 1</matrix>
                        <instance_node url="#ID319" />
                    </node>
                    <node id="ID332" name="instance_15">
                        <matrix>0.166062204140652 -0.8380330842056387 -0.5197344457823951 5.680901434353586 0.4774766546828273 -0.3928157729752688 0.7859464439354238 15.55934997264512 -0.8628090104935418 -0.3786770633120352 0.3349093804785533 10.88180138595947 0 0 0 1</matrix>
                        <instance_node url="#ID333" />
                    </node>
                    <node id="ID346" name="instance_16">
                        <matrix>-0.8469473176802619 0.1672853721998013 0.5046739990550172 13.6633240194202 0.08727208283858917 -0.8925955080610153 0.4423311458017765 13.696548252507 0.5244652749527122 0.418675128515263 0.7413820284654222 12.25656614562822 0 0 0 1</matrix>
                        <instance_node url="#ID347" />
                    </node>
                    <node id="ID360" name="instance_17">
                        <matrix>-0.1375289694719142 0.3076339071893692 0.941513229701737 16.19129785186885 -0.8349307060632868 -0.5474056554069446 0.05690135763894238 11.51239190080798 0.5328944535540361 -0.7782727205651603 0.3321371310098426 10.07032163701746 0 0 0 1</matrix>
                        <instance_node url="#ID361" />
                    </node>
                    <node id="ID374" name="instance_18">
                        <matrix>-0.3417059900419278 -0.6133751971221585 0.7120448608934827 15.5282217315754 0.1079296856720754 -0.7782492860492779 -0.6186107271253194 5.055625863209798 0.933588881317785 -0.1345322129422639 0.3321338350133338 8.879327129362872 0 0 0 1</matrix>
                        <instance_node url="#ID375" />
                    </node>
                </node>
            </node>
        </visual_scene>
    </library_visual_scenes>
    <library_geometries>
        <geometry id="ID6">
            <mesh>
                <source id="ID9">
                    <float_array id="ID12" count="18">235.3051592678136 47.23856498613168 0 0 0 0 76.74278231759456 227.3995280605357 0 76.74278231759456 227.3995280605357 0 0 0 0 235.3051592678136 47.23856498613168 0</float_array>
                    <technique_common>
                        <accessor count="6" source="#ID12" stride="3">
                            <param name="X" type="float" />
                            <param name="Y" type="float" />
                            <param name="Z" type="float" />
                        </accessor>
                    </technique_common>
                </source>
                <source id="ID10">
                    <float_array id="ID13" count="18">0 0 -1 0 0 -1 0 0 -1 -0 -0 1 -0 -0 1 -0 -0 1</float_array>
                    <technique_common>
                        <accessor count="6" source="#ID13" stride="3">
                            <param name="X" type="float" />
                            <param name="Y" type="float" />
                            <param name="Z" type="float" />
                        </accessor>
                    </technique_common>
                </source>
                <vertices id="ID11">
                    <input semantic="POSITION" source="#ID9" />
                    <input semantic="NORMAL" source="#ID10" />
                </vertices>
                <triangles count="2" material="Material2">
                    <input offset="0" semantic="VERTEX" source="#ID11" />
                    <p>0 1 2 3 4 5</p>
                </triangles>
            </mesh>
        </geometry>
        <geometry id="ID15">
            <mesh>
                <source id="ID16">
                    <float_array id="ID19" count="18">235.3051592678136 47.23856498613168 0 0 0 0 76.74278231759456 227.3995280605357 0 76.74278231759456 227.3995280605357 0 0 0 0 235.3051592678136 47.23856498613168 0</float_array>
                    <technique_common>
                        <accessor count="6" source="#ID19" stride="3">
                            <param name="X" type="float" />
                            <param name="Y" type="float" />
                            <param name="Z" type="float" />
                        </accessor>
                    </technique_common>
                </source>
                <source id="ID17">
                    <float_array id="ID20" count="18">0 0 -1 0 0 -1 0 0 -1 -0 -0 1 -0 -0 1 -0 -0 1</float_array>
                    <technique_common>
                        <accessor count="6" source="#ID20" stride="3">
                            <param name="X" type="float" />
                            <param name="Y" type="float" />
                            <param name="Z" type="float" />
                        </accessor>
                    </technique_common>
                </source>
                <vertices id="ID18">
                    <input semantic="POSITION" source="#ID16" />
                    <input semantic="NORMAL" source="#ID17" />
                </vertices>
                <triangles count="2" material="Material2">
                    <input offset="0" semantic="VERTEX" source="#ID18" />
                    <p>0 1 2 3 4 5</p>
                </triangles>
            </mesh>
        </geometry>
        <geometry id="ID22">
            <mesh>
                <source id="ID23">
                    <float_array id="ID26" count="18">235.3051592678136 47.23856498613168 0 0 0 0 76.74278231759456 227.3995280605357 0 76.74278231759456 227.3995280605357 0 0 0 0 235.3051592678136 47.23856498613168 0</float_array>
                    <technique_common>
                        <accessor count="6" source="#ID26" stride="3">
                            <param name="X" type="float" />
                            <param name="Y" type="float" />
                            <param name="Z" type="float" />
                        </accessor>
                    </technique_common>
                </source>
                <source id="ID24">
                    <float_array id="ID27" count="18">0 0 -1 0 0 -1 0 0 -1 -0 -0 1 -0 -0 1 -0 -0 1</float_array>
                    <technique_common>
                        <accessor count="6" source="#ID27" stride="3">
                            <param name="X" type="float" />
                            <param name="Y" type="float" />
                            <param name="Z" type="float" />
                        </accessor>
                    </technique_common>
                </source>
                <vertices id="ID25">
                    <input semantic="POSITION" source="#ID23" />
                    <input semantic="NORMAL" source="#ID24" />
                </vertices>
                <triangles count="2" material="Material2">
                    <input offset="0" semantic="VERTEX" source="#ID25" />
                    <p>0 1 2 3 4 5</p>
                </triangles>
            </mesh>
        </geometry>
        <geometry id="ID29">
            <mesh>
                <source id="ID30">
                    <float_array id="ID33" count="18">235.3051592678136 227.3995280605357 0 158.562376950219 0 0 0 180.160963074404 0 0 180.160963074404 0 158.562376950219 0 0 235.3051592678136 227.3995280605357 0</float_array>
                    <technique_common>
                        <accessor count="6" source="#ID33" stride="3">
                            <param name="X" type="float" />
                            <param name="Y" type="float" />
                            <param name="Z" type="float" />
                        </accessor>
                    </technique_common>
                </source>
                <source id="ID31">
                    <float_array id="ID34" count="18">0 0 -1 0 0 -1 0 0 -1 -0 -0 1 -0 -0 1 -0 -0 1</float_array>
                    <technique_common>
                        <accessor count="6" source="#ID34" stride="3">
                            <param name="X" type="float" />
                            <param name="Y" type="float" />
                            <param name="Z" type="float" />
                        </accessor>
                    </technique_common>
                </source>
                <vertices id="ID32">
                    <input semantic="POSITION" source="#ID30" />
                    <input semantic="NORMAL" source="#ID31" />
                </vertices>
                <triangles count="2" material="Material2">
                    <input offset="0" semantic="VERTEX" source="#ID32" />
                    <p>0 1 2 3 4 5</p>
                </triangles>
            </mesh>
        </geometry>
        <geometry id="ID37">
            <mesh>
                <source id="ID38">
                    <float_array id="ID41" count="18">235.3051592678136 47.23856498613176 0 0 0 0 76.74278231759456 227.3995280605357 0 76.74278231759456 227.3995280605357 0 0 0 0 235.3051592678136 47.23856498613176 0</float_array>
                    <technique_common>
                        <accessor count="6" source="#ID41" stride="3">
                            <param name="X" type="float" />
                            <param name="Y" type="float" />
                            <param name="Z" type="float" />
                        </accessor>
                    </technique_common>
                </source>
                <source id="ID39">
                    <float_array id="ID42" count="18">0 0 -1 0 0 -1 0 0 -1 -0 -0 1 -0 -0 1 -0 -0 1</float_array>
                    <technique_common>
                        <accessor count="6" source="#ID42" stride="3">
